23 0.7002604166666666 0.7148148148148148 0.06614583333333333 0.12037037037037038
23 0.5692708333333333 0.7472222222222222 0.06979166666666667 0.12037037037037038
23 0.9559895833333333 0.649537037037037 0.0671875 0.1287037037037037
23 0.30572916666666666 0.8106481481481482 0.06875 0.12314814814814816
23 0.61015625 0.01898148148148148 0.0703125 0.04166666666666667
24 0.43776041666666665 0.7828703703703704 0.06510416666666667 0.12314814814814816
24 0.8291666666666666 0.6870370370370371 0.06354166666666666 0.11851851851851852
24 0.42864583333333334 0.03981481481481482 0.071875 0.08333333333333334
21 0.5442708333333334 0.3800925925925926 0.078125 0.10833333333333334
21 0.27421875 0.4416666666666667 0.07864583333333333 0.10555555555555556
21 0.6791666666666667 0.3476851851851852 0.07395833333333333 0.11574074074074074
21 0.9440104166666666 0.29074074074074074 0.0796875 0.11111111111111112
22 0.40963541666666664 0.40601851851851856 0.07864583333333333 0.13796296296296298
22 0.8122395833333333 0.3106481481481482 0.07552083333333333 0.1175925925925926
