24 0.43906249999999997 0.7662037037037037 0.06770833333333333 0.125
24 0.83046875 0.6685185185185185 0.06302083333333333 0.11851851851851852
24 0.4302083333333333 0.030555555555555558 0.07916666666666666 0.06481481481481481
21 0.27421875 0.42685185185185187 0.0828125 0.11296296296296297
21 0.5450520833333333 0.3625 0.0765625 0.11944444444444445
21 0.6791666666666667 0.33240740740740743 0.07604166666666666 0.10925925925925926
21 0.94765625 0.27175925925925926 0.08177083333333333 0.10648148148148148
21 0.93828125 0.962037037037037 0.07447916666666667 0.07407407407407407
22 0.40963541666666664 0.38796296296296295 0.08072916666666667 0.1277777777777778
22 0.8127604166666667 0.2976851851851852 0.0765625 0.1287037037037037
23 0.7015625 0.6976851851851852 0.06770833333333333 0.12314814814814816
23 0.5700520833333333 0.7305555555555556 0.06614583333333333 0.12222222222222223
23 0.30755208333333334 0.7944444444444445 0.06822916666666666 0.11851851851851852
23 0.9565104166666667 0.6328703703703704 0.0671875 0.12314814814814816
