21 0.27239583333333334 0.35370370370370374 0.078125 0.11111111111111112
21 0.54375 0.29120370370370374 0.075 0.1175925925925926
21 0.9388020833333334 0.912962962962963 0.0734375 0.10370370370370371
21 0.67890625 0.25833333333333336 0.07239583333333333 0.11851851851851852
21 0.94375 0.2 0.08020833333333333 0.10925925925925926
22 0.8109375 0.2240740740740741 0.07604166666666666 0.11851851851851852
22 0.40859375 0.30972222222222223 0.07760416666666667 0.13425925925925927
22 0.8117187499999999 0.9393518518518519 0.07447916666666667 0.10833333333333334
22 0.68671875 0.962037037037037 0.07239583333333333 0.07407407407407407
23 0.6997395833333333 0.6236111111111111 0.06614583333333333 0.1212962962962963
23 0.30572916666666666 0.7222222222222222 0.06875 0.11666666666666667
23 0.9549479166666667 0.5597222222222222 0.06614583333333333 0.1212962962962963
23 0.5674479166666666 0.6587962962962963 0.06614583333333333 0.1212962962962963
24 0.43671875 0.6921296296296297 0.06614583333333333 0.1212962962962963
24 0.82890625 0.5949074074074074 0.06302083333333333 0.1175925925925926
