21 0.5421875 0.3037037037037037 0.07708333333333334 0.11666666666666667
21 0.678125 0.27222222222222225 0.07395833333333333 0.10925925925925926
21 0.27317708333333335 0.37083333333333335 0.08385416666666666 0.10833333333333334
21 0.9380208333333333 0.9291666666666667 0.07395833333333333 0.10277777777777779
21 0.9447916666666667 0.21342592592592594 0.08020833333333333 0.10833333333333334
22 0.40989583333333335 0.32685185185185184 0.078125 0.13518518518518519
22 0.8106770833333333 0.23981481481481481 0.0703125 0.1277777777777778
22 0.8166666666666667 0.951388888888889 0.07916666666666666 0.09537037037037037
22 0.68828125 0.9648148148148149 0.07135416666666666 0.06851851851851852
23 0.6997395833333333 0.637962962962963 0.0671875 0.12037037037037038
23 0.5690104166666666 0.6703703703703704 0.06822916666666666 0.12037037037037038
23 0.95546875 0.5740740740740741 0.0671875 0.12407407407407407
23 0.30572916666666666 0.737962962962963 0.06666666666666667 0.11666666666666667
24 0.8283854166666667 0.6087962962962963 0.06302083333333333 0.1212962962962963
24 0.43671875 0.7050925925925926 0.06510416666666667 0.1212962962962963
