24 0.3299479166666667 0.7226851851851852 0.0640625 0.11944444444444445
24 0.26145833333333335 0.022222222222222223 0.071875 0.044444444444444446
23 0.45625 0.6736111111111112 0.065625 0.12314814814814816
23 0.20208333333333334 0.7666666666666667 0.06666666666666667 0.12592592592592594
23 0.58046875 0.6268518518518519 0.06822916666666666 0.12222222222222223
23 0.07421875 0.8125 0.06822916666666666 0.12314814814814816
23 0.08411458333333333 0.05416666666666667 0.06822916666666666 0.11944444444444445
21 0.4309895833333333 0.3078703703703704 0.07552083333333333 0.1175925925925926
21 0.5625 0.27083333333333337 0.075 0.11388888888888889
21 0.1703125 0.4013888888888889 0.07916666666666666 0.1212962962962963
21 0.0390625 0.45046296296296295 0.078125 0.12685185185185185
21 0.6888020833333334 0.22962962962962963 0.0734375 0.12407407407407407
21 0.69609375 0.9365740740740741 0.07447916666666667 0.11388888888888889
21 0.5716145833333334 0.9606481481481481 0.07447916666666667 0.07685185185185185
22 0.3020833333333333 0.3509259259259259 0.07604166666666666 0.1277777777777778
