24 0.3302083333333333 0.7425925925925926 0.06458333333333333 0.12037037037037038
24 0.26276041666666666 0.031018518518518518 0.0796875 0.0712962962962963
23 0.4557291666666667 0.6907407407407408 0.06666666666666667 0.12407407407407407
23 0.58125 0.6462962962962964 0.06979166666666667 0.12222222222222223
23 0.20208333333333334 0.7837962962962963 0.06354166666666666 0.12314814814814816
23 0.084375 0.06064814814814815 0.07291666666666667 0.12685185185185185
23 0.07369791666666667 0.8324074074074075 0.06614583333333333 0.11851851851851852
23 0.6986979166666667 0.6069444444444445 0.05364583333333333 0.12685185185185185
21 0.42890625 0.32916666666666666 0.0796875 0.10833333333333334
21 0.5625 0.2833333333333333 0.06875 0.11666666666666667
21 0.17291666666666666 0.41574074074074074 0.07708333333333334 0.11851851851851852
21 0.03958333333333333 0.46620370370370373 0.07083333333333333 0.13425925925925927
21 0.6895833333333333 0.2476851851851852 0.07604166666666666 0.1212962962962963
21 0.6947916666666667 0.9541666666666667 0.07708333333333334 0.08981481481481482
22 0.30052083333333335 0.3712962962962963 0.078125 0.1277777777777778
