24 0.3302083333333333 0.7240740740740741 0.06354166666666666 0.12407407407407407
24 0.26067708333333334 0.022222222222222223 0.07239583333333333 0.044444444444444446
23 0.45651041666666664 0.675462962962963 0.06614583333333333 0.125
23 0.20208333333333334 0.7671296296296296 0.06666666666666667 0.125
23 0.5807291666666666 0.6277777777777778 0.06875 0.12407407407407407
23 0.07421875 0.812962962962963 0.06927083333333334 0.12407407407407407
23 0.08489583333333334 0.053703703703703705 0.06875 0.11851851851851852
21 0.56171875 0.2726851851851852 0.07552083333333333 0.11574074074074074
21 0.43124999999999997 0.30972222222222223 0.07604166666666666 0.11574074074074074
21 0.16927083333333334 0.4041666666666667 0.08020833333333333 0.12314814814814816
21 0.03828125 0.45092592592592595 0.07552083333333333 0.1277777777777778
21 0.6890625 0.22962962962962963 0.07395833333333333 0.12407407407407407
21 0.6955729166666667 0.9370370370370371 0.07552083333333333 0.11481481481481481
21 0.5716145833333334 0.9611111111111111 0.0734375 0.07592592592592592
22 0.30104166666666665 0.3513888888888889 0.075 0.1287037037037037
