23 0.29375 0.7189814814814816 0.06354166666666666 0.11203703703703705
23 0.9093749999999999 0.5467592592592593 0.06354166666666666 0.11018518518518519
23 0.4184895833333333 0.6861111111111111 0.059895833333333336 0.10740740740740741
23 0.2671875 0.046759259259259264 0.06354166666666666 0.09166666666666667
23 0.5333333333333333 0.016666666666666666 0.06354166666666666 0.03518518518518519
24 0.66875 0.6194444444444445 0.05625 0.10925925925925926
24 0.7911458333333333 0.5837962962962964 0.0625 0.10092592592592593
24 0.5434895833333333 0.6532407407407408 0.058854166666666666 0.10648148148148148
24 0.3966145833333333 0.028240740740740743 0.07447916666666667 0.06018518518518519
21 0.8986979166666667 0.22083333333333335 0.07239583333333333 0.10462962962962963
21 0.7783854166666666 0.9018518518518519 0.06822916666666666 0.09444444444444444
21 0.26536458333333335 0.3856481481481482 0.07864583333333333 0.10092592592592593
21 0.39453125 0.35555555555555557 0.07552083333333333 0.11481481481481481
21 0.9893229166666666 0.19583333333333333 0.0203125 0.1212962962962963
22 0.7765625 0.2476851851851852 0.07291666666666667 0.1212962962962963
22 0.64921875 0.28240740740740744 0.07447916666666667 0.11481481481481481
22 0.5372395833333333 0.9587962962962964 0.0703125 0.08055555555555556
22 0.5208333333333334 0.3189814814814815 0.06875 0.1212962962962963
22 0.6549479166666666 0.9319444444444445 0.0671875 0.11574074074074074
