23 0.9111979166666666 0.5453703703703704 0.0640625 0.10925925925925926
23 0.29583333333333334 0.7162037037037037 0.0625 0.11018518518518519
23 0.421875 0.6847222222222222 0.06354166666666666 0.10833333333333334
23 0.2682291666666667 0.04583333333333334 0.06354166666666666 0.09351851851851853
23 0.5361979166666666 0.016203703703703703 0.0640625 0.03425925925925926
24 0.66953125 0.6166666666666667 0.057812499999999996 0.10925925925925926
24 0.7919270833333333 0.5819444444444445 0.0609375 0.10277777777777779
24 0.5463541666666667 0.6513888888888889 0.059375 0.11018518518518519
24 0.39765625 0.027314814814814816 0.07552083333333333 0.058333333333333334
21 0.9010416666666666 0.22037037037037038 0.071875 0.10555555555555556
21 0.2674479166666667 0.3837962962962963 0.07239583333333333 0.10648148148148148
21 0.7791666666666667 0.900462962962963 0.06979166666666667 0.09907407407407408
21 0.39609375 0.3523148148148148 0.07239583333333333 0.11574074074074074
21 0.9940104166666667 0.2013888888888889 0.0109375 0.10833333333333334
22 0.7786458333333334 0.2449074074074074 0.071875 0.12685185185185185
22 0.6513020833333333 0.2800925925925926 0.07552083333333333 0.11574074074074074
22 0.6591145833333333 0.9259259259259259 0.07864583333333333 0.10370370370370371
22 0.53984375 0.9583333333333334 0.06927083333333334 0.08148148148148149
22 0.5221354166666666 0.3087962962962963 0.0765625 0.11203703703703705
