23 0.2934895833333333 0.7189814814814816 0.06302083333333333 0.11018518518518519
23 0.9096354166666667 0.5472222222222223 0.0640625 0.10925925925925926
23 0.4184895833333333 0.6856481481481482 0.0609375 0.10648148148148148
23 0.2671875 0.046759259259259264 0.06354166666666666 0.09351851851851853
23 0.5330729166666667 0.01712962962962963 0.0640625 0.036111111111111115
24 0.66875 0.6189814814814815 0.057291666666666664 0.10833333333333334
24 0.79140625 0.5837962962962964 0.06197916666666667 0.10092592592592593
24 0.5453125 0.6574074074074074 0.059375 0.10740740740740741
24 0.3966145833333333 0.030092592592592594 0.07447916666666667 0.062037037037037036
21 0.89921875 0.22083333333333335 0.07239583333333333 0.10648148148148148
21 0.7791666666666667 0.9013888888888889 0.06770833333333333 0.09537037037037037
21 0.265625 0.38703703703703707 0.078125 0.1
21 0.39479166666666665 0.3550925925925926 0.07604166666666666 0.11388888888888889
21 0.9893229166666666 0.19583333333333333 0.0203125 0.11944444444444445
22 0.7755208333333333 0.24861111111111112 0.07291666666666667 0.1212962962962963
22 0.65 0.28194444444444444 0.07604166666666666 0.11574074074074074
22 0.53671875 0.9592592592592593 0.0703125 0.07962962962962963
22 0.5203125 0.3194444444444445 0.06875 0.11851851851851852
22 0.6580729166666667 0.9287037037037037 0.07552083333333333 0.10370370370370371
