24 0.7908854166666667 0.5666666666666667 0.058854166666666666 0.10555555555555556
24 0.54453125 0.6365740740740741 0.0609375 0.10833333333333334
24 0.66796875 0.600925925925926 0.058854166666666666 0.10740740740740741
24 0.39765625 0.021296296296296296 0.0703125 0.04259259259259259
23 0.2934895833333333 0.7032407407407407 0.06510416666666667 0.1175925925925926
23 0.41901041666666666 0.6662037037037037 0.0609375 0.11203703703703705
23 0.9093749999999999 0.5305555555555556 0.0625 0.10925925925925926
23 0.2674479166666667 0.04212962962962963 0.06614583333333333 0.08055555555555556
21 0.9002604166666667 0.19953703703703704 0.06822916666666666 0.10648148148148148
21 0.26640625 0.3736111111111111 0.08072916666666667 0.09351851851851853
21 0.7778645833333333 0.8824074074074074 0.0734375 0.10185185185185186
21 0.39088541666666665 0.34351851851851856 0.0703125 0.1
21 0.41302083333333334 0.9625 0.07916666666666666 0.07314814814814816
21 0.98671875 0.17407407407407408 0.024479166666666666 0.11481481481481481
22 0.7752604166666667 0.22916666666666669 0.07447916666666667 0.11018518518518519
22 0.6466145833333333 0.26712962962962966 0.06927083333333334 0.11203703703703705
22 0.5229166666666667 0.3 0.07083333333333333 0.12037037037037038
22 0.6546875 0.913425925925926 0.07083333333333333 0.10833333333333334
22 0.5375 0.9416666666666667 0.06666666666666667 0.0962962962962963
