23 0.8596354166666667 0.5425925925925926 0.0671875 0.11666666666666667
23 0.47109375 0.6527777777777778 0.06822916666666666 0.11666666666666667
23 0.34322916666666664 0.6902777777777778 0.06979166666666667 0.11574074074074074
23 0.45416666666666666 0.020833333333333336 0.065625 0.04351851851851852
23 0.31145833333333334 0.03935185185185185 0.06875 0.08055555555555556
23 0.5822916666666667 0.04814814814814815 0.05 0.08148148148148149
21 0.84765625 0.22268518518518518 0.07135416666666666 0.10277777777777779
21 0.44765625 0.32962962962962966 0.07864583333333333 0.10555555555555556
21 0.3106770833333333 0.362962962962963 0.07239583333333333 0.10925925925925926
22 0.7135416666666666 0.250462962962963 0.07916666666666666 0.10277777777777779
22 0.5809895833333333 0.28194444444444444 0.0796875 0.08796296296296297
24 0.7338541666666667 0.5837962962962964 0.06458333333333333 0.10833333333333334
24 0.6018229166666667 0.6208333333333333 0.06302083333333333 0.11388888888888889
