23 0.8604166666666666 0.5416666666666667 0.06666666666666667 0.11666666666666667
23 0.47109375 0.6518518518518519 0.0671875 0.11666666666666667
23 0.34322916666666664 0.6898148148148149 0.06875 0.11666666666666667
23 0.45390625 0.01990740740740741 0.06510416666666667 0.04166666666666667
23 0.3111979166666667 0.038425925925925926 0.06822916666666666 0.0787037037037037
23 0.5828125 0.047685185185185185 0.05 0.08055555555555556
21 0.8471354166666667 0.22222222222222224 0.0703125 0.10185185185185186
21 0.44765625 0.3282407407407408 0.07864583333333333 0.10277777777777779
21 0.3106770833333333 0.362962962962963 0.07239583333333333 0.10740740740740741
22 0.7138020833333333 0.24953703703703706 0.0796875 0.10092592592592593
22 0.5807291666666666 0.28194444444444444 0.07916666666666666 0.08981481481481482
24 0.7333333333333333 0.5842592592592593 0.06458333333333333 0.10925925925925926
24 0.6018229166666667 0.6203703703703703 0.06302083333333333 0.11481481481481481
