23 0.8598958333333333 0.5412037037037037 0.06666666666666667 0.11574074074074074
23 0.4705729166666667 0.6518518518518519 0.06822916666666666 0.11666666666666667
23 0.33932291666666664 0.6907407407407408 0.06510416666666667 0.11666666666666667
23 0.45338541666666665 0.020370370370370372 0.06510416666666667 0.04259259259259259
23 0.3109375 0.03888888888888889 0.06770833333333333 0.07962962962962963
23 0.5830729166666666 0.04814814814814815 0.0484375 0.08148148148148149
21 0.8473958333333333 0.22222222222222224 0.06979166666666667 0.10185185185185186
21 0.4479166666666667 0.3282407407407408 0.078125 0.10462962962962963
21 0.3104166666666667 0.3703703703703704 0.07291666666666667 0.10925925925925926
22 0.7138020833333333 0.25 0.0796875 0.10185185185185186
22 0.58125 0.28240740740740744 0.07916666666666666 0.09074074074074075
24 0.7330729166666666 0.5837962962962964 0.0640625 0.11018518518518519
24 0.6020833333333333 0.6199074074074075 0.06354166666666666 0.11388888888888889
