23 0.8598958333333333 0.5393518518518519 0.06666666666666667 0.1175925925925926
23 0.4705729166666667 0.65 0.0671875 0.11666666666666667
23 0.33984375 0.687962962962963 0.06510416666666667 0.11296296296296297
23 0.45338541666666665 0.01898148148148148 0.06510416666666667 0.03981481481481482
23 0.3106770833333333 0.03796296296296296 0.06822916666666666 0.07777777777777778
23 0.5828125 0.04814814814814815 0.04895833333333333 0.07962962962962963
21 0.8481770833333333 0.2199074074074074 0.07239583333333333 0.10277777777777779
21 0.44765625 0.3277777777777778 0.07864583333333333 0.10370370370370371
21 0.3125 0.3611111111111111 0.07291666666666667 0.10740740740740741
22 0.7135416666666666 0.2490740740740741 0.07916666666666666 0.10555555555555556
22 0.58125 0.2796296296296296 0.08020833333333333 0.09074074074074075
24 0.7330729166666666 0.5819444444444445 0.0640625 0.11018518518518519
24 0.6020833333333333 0.6189814814814815 0.0625 0.11388888888888889
