23 0.8598958333333333 0.5412037037037037 0.06666666666666667 0.1175925925925926
23 0.4713541666666667 0.6518518518518519 0.06770833333333333 0.11481481481481481
23 0.33932291666666664 0.6893518518518519 0.06510416666666667 0.11574074074074074
23 0.45338541666666665 0.019444444444444445 0.0640625 0.04259259259259259
23 0.3109375 0.038425925925925926 0.06875 0.0787037037037037
23 0.5828125 0.047685185185185185 0.05 0.08055555555555556
21 0.8473958333333333 0.22222222222222224 0.06979166666666667 0.10185185185185186
21 0.44765625 0.3287037037037037 0.07760416666666667 0.10555555555555556
21 0.3111979166666667 0.362962962962963 0.07239583333333333 0.10555555555555556
22 0.7143229166666667 0.25 0.0796875 0.10370370370370371
22 0.5807291666666666 0.28101851851851856 0.078125 0.08981481481481482
24 0.7330729166666666 0.5837962962962964 0.0640625 0.11018518518518519
24 0.6018229166666667 0.6203703703703703 0.06302083333333333 0.11481481481481481
