23 0.8598958333333333 0.5412037037037037 0.06666666666666667 0.1175925925925926
23 0.4705729166666667 0.6527777777777778 0.06822916666666666 0.11666666666666667
23 0.33932291666666664 0.6907407407407408 0.06510416666666667 0.11666666666666667
23 0.45416666666666666 0.020370370370370372 0.065625 0.04259259259259259
23 0.3106770833333333 0.03935185185185185 0.06822916666666666 0.08055555555555556
23 0.5822916666666667 0.047685185185185185 0.05 0.08055555555555556
21 0.84609375 0.22222222222222224 0.0703125 0.10370370370370371
21 0.44765625 0.32916666666666666 0.0796875 0.10092592592592593
21 0.3106770833333333 0.3703703703703704 0.07239583333333333 0.10925925925925926
22 0.71328125 0.25092592592592594 0.08072916666666667 0.10370370370370371
22 0.5809895833333333 0.28240740740740744 0.08072916666666667 0.09074074074074075
24 0.7333333333333333 0.5837962962962964 0.06354166666666666 0.11018518518518519
24 0.6020833333333333 0.6199074074074075 0.0625 0.11388888888888889
