21 0.7690104166666667 0.9259259259259259 0.07135416666666666 0.11296296296296297
21 0.8994791666666666 0.8875000000000001 0.06770833333333333 0.11203703703703705
21 0.7481770833333333 0.15 0.10364583333333333 0.12592592592592594
21 0.39817708333333335 0.23148148148148148 0.1140625 0.11111111111111112
21 0.9872395833333333 0.8597222222222223 0.0234375 0.1175925925925926
22 0.2140625 0.26666666666666666 0.12708333333333333 0.15555555555555556
22 0.5744791666666667 0.17916666666666667 0.128125 0.15092592592592594
22 0.6380208333333334 0.9500000000000001 0.07708333333333334 0.09814814814814815
23 0.4270833333333333 0.6245370370370371 0.07291666666666667 0.13796296296296298
23 0.7747395833333334 0.5356481481481482 0.07239583333333333 0.13240740740740742
24 0.60234375 0.5828703703703704 0.0703125 0.13240740740740742
24 0.24895833333333334 0.675 0.071875 0.14074074074074075
