23 0.5690104166666666 0.7430555555555556 0.06927083333333334 0.1212962962962963
23 0.6997395833333333 0.712962962962963 0.06510416666666667 0.12037037037037038
23 0.30572916666666666 0.8087962962962963 0.06770833333333333 0.125
23 0.9562499999999999 0.6458333333333334 0.06770833333333333 0.1287037037037037
23 0.61015625 0.01898148148148148 0.06927083333333334 0.03981481481481482
24 0.4380208333333333 0.7787037037037038 0.065625 0.12592592592592594
24 0.4283854166666667 0.037037037037037035 0.07135416666666666 0.07962962962962963
24 0.8283854166666667 0.6800925925925926 0.06302083333333333 0.11944444444444445
21 0.27369791666666665 0.4398148148148148 0.08072916666666667 0.10555555555555556
21 0.5440104166666666 0.3768518518518519 0.07864583333333333 0.10740740740740741
21 0.9447916666666667 0.2828703703703704 0.08333333333333333 0.10462962962962963
21 0.6796875 0.34490740740740744 0.07395833333333333 0.11574074074074074
22 0.40989583333333335 0.4013888888888889 0.078125 0.13240740740740742
22 0.8127604166666667 0.3078703703703704 0.07552083333333333 0.1175925925925926
