23 0.7002604166666666 0.7152777777777778 0.0671875 0.1212962962962963
23 0.5692708333333333 0.7486111111111111 0.06875 0.1212962962962963
23 0.9562499999999999 0.6509259259259259 0.06770833333333333 0.12962962962962962
23 0.30572916666666666 0.8120370370370371 0.06770833333333333 0.12222222222222223
23 0.6106770833333334 0.01898148148148148 0.07135416666666666 0.04166666666666667
24 0.82890625 0.6865740740740741 0.06302083333333333 0.11944444444444445
24 0.4380208333333333 0.7833333333333333 0.065625 0.12222222222222223
24 0.42916666666666664 0.03981481481481482 0.071875 0.08518518518518518
21 0.5440104166666666 0.3814814814814815 0.07864583333333333 0.10925925925925926
21 0.275 0.4416666666666667 0.08020833333333333 0.10740740740740741
21 0.6794270833333333 0.3490740740740741 0.07447916666666667 0.11666666666666667
21 0.9442708333333333 0.29120370370370374 0.07708333333333334 0.11388888888888889
22 0.41015625 0.40740740740740744 0.07760416666666667 0.13703703703703704
22 0.8117187499999999 0.3180555555555556 0.0671875 0.1212962962962963
