24 0.3307291666666667 0.725462962962963 0.0625 0.11944444444444445
24 0.26067708333333334 0.022685185185185187 0.06927083333333334 0.04722222222222222
23 0.45598958333333334 0.6777777777777778 0.06510416666666667 0.12222222222222223
23 0.20234375 0.7694444444444445 0.0671875 0.12222222222222223
23 0.58046875 0.6319444444444444 0.06614583333333333 0.1212962962962963
23 0.07421875 0.8175925925925926 0.06927083333333334 0.12592592592592594
23 0.08463541666666667 0.05416666666666667 0.0703125 0.11944444444444445
23 0.6986979166666667 0.5893518518518519 0.0546875 0.1287037037037037
21 0.5606770833333333 0.27314814814814814 0.0734375 0.11666666666666667
21 0.16848958333333333 0.40555555555555556 0.0796875 0.12407407407407407
21 0.4317708333333333 0.3111111111111111 0.07395833333333333 0.11851851851851852
21 0.039322916666666666 0.4527777777777778 0.0765625 0.13148148148148148
21 0.6890625 0.22962962962962963 0.075 0.12222222222222223
21 0.6958333333333333 0.9375 0.07604166666666666 0.11574074074074074
21 0.5713541666666666 0.962037037037037 0.07395833333333333 0.07407407407407407
22 0.30234375 0.35324074074074074 0.07552083333333333 0.1287037037037037
