24 0.3302083333333333 0.7273148148148149 0.0625 0.11944444444444445
24 0.2630208333333333 0.029166666666666667 0.08333333333333333 0.0638888888888889
23 0.45625 0.6796296296296297 0.065625 0.12407407407407407
23 0.20234375 0.7712962962962964 0.0671875 0.12037037037037038
23 0.58046875 0.6333333333333333 0.0671875 0.12222222222222223
23 0.07421875 0.8189814814814815 0.0703125 0.12314814814814816
23 0.08489583333333334 0.055092592592592596 0.06979166666666667 0.1212962962962963
23 0.6984375 0.5912037037037037 0.053125 0.13240740740740742
21 0.5604166666666667 0.27592592592592596 0.075 0.11481481481481481
21 0.16848958333333333 0.40555555555555556 0.0796875 0.11666666666666667
21 0.42994791666666665 0.3180555555555556 0.07864583333333333 0.11203703703703705
21 0.03958333333333333 0.4527777777777778 0.07708333333333334 0.13148148148148148
21 0.6950520833333333 0.9375 0.07447916666666667 0.11574074074074074
21 0.6901041666666666 0.2300925925925926 0.07708333333333334 0.1212962962962963
21 0.5708333333333333 0.962037037037037 0.075 0.07407407407407407
22 0.30234375 0.35462962962962963 0.07552083333333333 0.1277777777777778
