24 0.3302083333333333 0.7245370370370371 0.06458333333333333 0.12314814814814816
24 0.2609375 0.022222222222222223 0.071875 0.044444444444444446
23 0.45625 0.675462962962963 0.065625 0.125
23 0.20182291666666666 0.7680555555555556 0.0671875 0.125
23 0.5807291666666666 0.6324074074074074 0.06770833333333333 0.12037037037037038
23 0.07421875 0.8125 0.06927083333333334 0.125
23 0.08463541666666667 0.055092592592592596 0.06927083333333334 0.11944444444444445
21 0.5622395833333333 0.27222222222222225 0.07552083333333333 0.11851851851851852
21 0.43124999999999997 0.30972222222222223 0.075 0.1175925925925926
21 0.16953125 0.4046296296296297 0.08072916666666667 0.12407407407407407
21 0.03828125 0.4513888888888889 0.07552083333333333 0.1287037037037037
21 0.6888020833333334 0.22962962962962963 0.0734375 0.12407407407407407
21 0.6955729166666667 0.9365740740740741 0.07552083333333333 0.11574074074074074
21 0.571875 0.9615740740740741 0.07395833333333333 0.075
22 0.3013020833333333 0.3527777777777778 0.07447916666666667 0.13148148148148148
