23 0.29375 0.7189814814814816 0.0625 0.10833333333333334
23 0.9098958333333333 0.5467592592592593 0.06458333333333333 0.11018518518518519
23 0.4184895833333333 0.6856481481481482 0.0609375 0.10833333333333334
23 0.2674479166666667 0.047685185185185185 0.0640625 0.09351851851851853
23 0.5330729166666667 0.01712962962962963 0.0640625 0.036111111111111115
24 0.79140625 0.5847222222222223 0.06197916666666667 0.10277777777777779
24 0.66875 0.6203703703703703 0.05625 0.11111111111111112
24 0.5450520833333333 0.6569444444444444 0.058854166666666666 0.10648148148148148
24 0.396875 0.02777777777777778 0.07395833333333333 0.061111111111111116
21 0.89921875 0.22083333333333335 0.07135416666666666 0.10462962962962963
21 0.77890625 0.9027777777777778 0.06822916666666666 0.09814814814814815
21 0.26588541666666665 0.3875 0.07760416666666667 0.10092592592592593
21 0.39453125 0.3560185185185185 0.0765625 0.11388888888888889
21 0.9893229166666666 0.19722222222222224 0.0203125 0.12407407407407407
22 0.7755208333333333 0.24861111111111112 0.07395833333333333 0.1212962962962963
22 0.65 0.28194444444444444 0.075 0.11388888888888889
22 0.5369791666666667 0.9592592592592593 0.06979166666666667 0.07962962962962963
22 0.5205729166666666 0.3199074074074074 0.0703125 0.1175925925925926
22 0.6583333333333333 0.9287037037037037 0.07395833333333333 0.10370370370370371
