24 0.7927083333333333 0.5703703703703704 0.058333333333333334 0.10740740740740741
24 0.5471354166666667 0.6393518518518518 0.06197916666666667 0.10833333333333334
24 0.6705729166666666 0.6050925925925926 0.05677083333333333 0.11018518518518519
24 0.39947916666666666 0.022222222222222223 0.07083333333333333 0.04259259259259259
23 0.42213541666666665 0.6703703703703704 0.06302083333333333 0.11111111111111112
23 0.91171875 0.5324074074074074 0.0640625 0.10925925925925926
23 0.2950520833333333 0.7050925925925926 0.06510416666666667 0.11944444444444445
23 0.26848958333333334 0.043055555555555555 0.06510416666666667 0.08425925925925926
21 0.9020833333333333 0.20462962962962963 0.06875 0.11111111111111112
21 0.26640625 0.3763888888888889 0.0734375 0.10277777777777779
21 0.7796875 0.8861111111111112 0.071875 0.1
21 0.3958333333333333 0.3425925925925926 0.075 0.10370370370370371
21 0.41380208333333335 0.9648148148148149 0.07760416666666667 0.06851851851851852
21 0.9940104166666667 0.18842592592592594 0.0109375 0.10092592592592593
22 0.65 0.27037037037037037 0.06666666666666667 0.11666666666666667
22 0.7768229166666667 0.23194444444444445 0.0734375 0.11018518518518519
22 0.65859375 0.913888888888889 0.07864583333333333 0.09444444444444444
22 0.5234375 0.29953703703703705 0.07291666666666667 0.11388888888888889
22 0.5401041666666666 0.950462962962963 0.06354166666666666 0.08796296296296297
