23 0.4622395833333333 0.6453703703703704 0.06302083333333333 0.12037037037037038
23 0.19166666666666665 0.0638888888888889 0.06770833333333333 0.11666666666666667
23 0.58125 0.5962962962962963 0.06666666666666667 0.11851851851851852
23 0.0625 0.10925925925925926 0.06875 0.13148148148148148
23 0.4515625 0.014814814814814815 0.06770833333333333 0.03518518518518519
24 0.22421875 0.7453703703703703 0.059895833333333336 0.10925925925925926
24 0.34453125 0.6949074074074074 0.0609375 0.10648148148148148
24 0.10286458333333333 0.7944444444444445 0.058854166666666666 0.10925925925925926
24 0.3184895833333333 0.03564814814814815 0.06927083333333334 0.07314814814814816
21 0.5640625 0.27592592592592596 0.07395833333333333 0.10555555555555556
21 0.4388020833333333 0.3212962962962963 0.0734375 0.10925925925925926
21 0.6791666666666667 0.2300925925925926 0.06770833333333333 0.10833333333333334
22 0.19166666666666665 0.4101851851851852 0.07604166666666666 0.12592592592592594
22 0.07057291666666667 0.45787037037037037 0.0765625 0.13611111111111113
22 0.3169270833333333 0.36064814814814816 0.0796875 0.12314814814814816
