23 0.46249999999999997 0.6625 0.06354166666666666 0.11574074074074074
23 0.190625 0.07916666666666666 0.06875 0.1212962962962963
23 0.58125 0.6143518518518519 0.06458333333333333 0.11203703703703705
23 0.06354166666666666 0.12638888888888888 0.06979166666666667 0.125
23 0.44479166666666664 0.021296296296296296 0.06354166666666666 0.044444444444444446
24 0.22421875 0.763425925925926 0.057812499999999996 0.11203703703703705
24 0.3455729166666667 0.7134259259259259 0.0640625 0.10833333333333334
24 0.3184895833333333 0.0462962962962963 0.06510416666666667 0.08703703703703704
24 0.10182291666666667 0.8111111111111111 0.058854166666666666 0.10925925925925926
21 0.5622395833333333 0.2925925925925926 0.07239583333333333 0.11111111111111112
21 0.4388020833333333 0.33611111111111114 0.07135416666666666 0.11481481481481481
21 0.6796875 0.24953703703703706 0.06666666666666667 0.10648148148148148
22 0.1921875 0.4291666666666667 0.078125 0.1175925925925926
22 0.3171875 0.38101851851851853 0.07916666666666666 0.11574074074074074
22 0.06927083333333334 0.4763888888888889 0.07395833333333333 0.125
