23 0.8596354166666667 0.5407407407407407 0.0671875 0.11666666666666667
23 0.4705729166666667 0.6509259259259259 0.0671875 0.11481481481481481
23 0.33958333333333335 0.688425925925926 0.06458333333333333 0.11388888888888889
23 0.45416666666666666 0.01990740740740741 0.06354166666666666 0.04166666666666667
23 0.3111979166666667 0.03796296296296296 0.06822916666666666 0.07962962962962963
23 0.5833333333333334 0.047685185185185185 0.05 0.0787037037037037
21 0.84765625 0.22083333333333335 0.0703125 0.10462962962962963
21 0.4479166666666667 0.3282407407407408 0.07916666666666666 0.10648148148148148
21 0.31197916666666664 0.3625 0.07083333333333333 0.10648148148148148
22 0.7138020833333333 0.24861111111111112 0.07864583333333333 0.10462962962962963
22 0.58125 0.2796296296296296 0.08020833333333333 0.09074074074074075
24 0.7333333333333333 0.5828703703703704 0.06458333333333333 0.10833333333333334
24 0.6020833333333333 0.6194444444444445 0.0625 0.11481481481481481
