23 0.8596354166666667 0.5398148148148149 0.0671875 0.11666666666666667
23 0.4705729166666667 0.6509259259259259 0.0671875 0.11666666666666667
23 0.34296875 0.6875 0.0703125 0.11388888888888889
23 0.45338541666666665 0.019444444444444445 0.0640625 0.040740740740740744
23 0.3111979166666667 0.0375 0.06822916666666666 0.07685185185185185
23 0.5833333333333334 0.04814814814814815 0.04895833333333333 0.07962962962962963
21 0.8481770833333333 0.22083333333333335 0.07135416666666666 0.10462962962962963
21 0.4479166666666667 0.3277777777777778 0.07916666666666666 0.10555555555555556
21 0.31171875 0.36064814814814816 0.07135416666666666 0.10833333333333334
22 0.7143229166666667 0.24861111111111112 0.0796875 0.10648148148148148
22 0.58125 0.28055555555555556 0.07916666666666666 0.0925925925925926
24 0.7333333333333333 0.5833333333333334 0.06354166666666666 0.10925925925925926
24 0.6020833333333333 0.6180555555555556 0.0625 0.11388888888888889
