23 0.8596354166666667 0.5388888888888889 0.06614583333333333 0.11666666666666667
23 0.4708333333333333 0.6490740740740741 0.06666666666666667 0.11666666666666667
23 0.33984375 0.687962962962963 0.06614583333333333 0.11296296296296297
23 0.45416666666666666 0.019444444444444445 0.06458333333333333 0.040740740740740744
23 0.31145833333333334 0.037037037037037035 0.06979166666666667 0.07592592592592592
23 0.5830729166666666 0.046759259259259264 0.0484375 0.08055555555555556
21 0.8484375 0.21944444444444444 0.071875 0.10555555555555556
21 0.4479166666666667 0.32685185185185184 0.07916666666666666 0.10555555555555556
21 0.31223958333333335 0.35879629629629634 0.07239583333333333 0.10648148148148148
22 0.7138020833333333 0.2476851851851852 0.07864583333333333 0.10833333333333334
22 0.58125 0.27824074074074073 0.07916666666666666 0.09351851851851853
24 0.7330729166666666 0.5824074074074075 0.0640625 0.11111111111111112
24 0.6020833333333333 0.6171296296296297 0.0625 0.11388888888888889
