23 0.86015625 0.5402777777777777 0.0671875 0.1175925925925926
23 0.4708333333333333 0.6509259259259259 0.06770833333333333 0.11666666666666667
23 0.33984375 0.6888888888888889 0.06510416666666667 0.11296296296296297
23 0.45390625 0.01990740740740741 0.0640625 0.04166666666666667
23 0.3109375 0.038425925925925926 0.06875 0.0787037037037037
23 0.5833333333333334 0.04814814814814815 0.04895833333333333 0.07962962962962963
21 0.8479166666666667 0.22083333333333335 0.071875 0.10462962962962963
21 0.44427083333333334 0.32685185185185184 0.07604166666666666 0.1
21 0.31197916666666664 0.36064814814814816 0.071875 0.10648148148148148
22 0.7138020833333333 0.24861111111111112 0.07864583333333333 0.10648148148148148
22 0.58125 0.2791666666666667 0.07916666666666666 0.09166666666666667
24 0.7333333333333333 0.5833333333333334 0.06354166666666666 0.10925925925925926
24 0.6018229166666667 0.6194444444444445 0.06302083333333333 0.11481481481481481
