23 0.8596354166666667 0.5398148148148149 0.0671875 0.11666666666666667
23 0.4713541666666667 0.6509259259259259 0.06666666666666667 0.11481481481481481
23 0.33932291666666664 0.6875 0.06510416666666667 0.11388888888888889
23 0.45416666666666666 0.019444444444444445 0.06458333333333333 0.040740740740740744
23 0.31145833333333334 0.03796296296296296 0.06875 0.07777777777777778
23 0.5833333333333334 0.046759259259259264 0.04895833333333333 0.0787037037037037
21 0.8484375 0.22083333333333335 0.07083333333333333 0.10277777777777779
21 0.4479166666666667 0.3277777777777778 0.078125 0.10555555555555556
21 0.3125 0.3611111111111111 0.071875 0.10555555555555556
22 0.7138020833333333 0.2490740740740741 0.07864583333333333 0.10370370370370371
22 0.58125 0.2800925925925926 0.07916666666666666 0.09166666666666667
24 0.7330729166666666 0.5833333333333334 0.0640625 0.10925925925925926
24 0.6020833333333333 0.6180555555555556 0.0625 0.11388888888888889
