23 0.8598958333333333 0.5375 0.06666666666666667 0.1175925925925926
23 0.4708333333333333 0.6486111111111111 0.065625 0.1175925925925926
23 0.33984375 0.6865740740740741 0.06614583333333333 0.11203703703703705
23 0.45338541666666665 0.01898148148148148 0.0640625 0.03981481481481482
23 0.3111979166666667 0.037037037037037035 0.06927083333333334 0.07592592592592592
23 0.5833333333333334 0.046759259259259264 0.04791666666666666 0.08055555555555556
21 0.8489583333333334 0.21851851851851853 0.07395833333333333 0.10740740740740741
21 0.44765625 0.32685185185185184 0.07760416666666667 0.10555555555555556
21 0.31223958333333335 0.35879629629629634 0.07447916666666667 0.10833333333333334
22 0.71328125 0.24722222222222223 0.0796875 0.10740740740740741
22 0.58125 0.2791666666666667 0.078125 0.09351851851851853
24 0.7333333333333333 0.5814814814814815 0.06354166666666666 0.11111111111111112
24 0.6020833333333333 0.6166666666666667 0.06354166666666666 0.11296296296296297
