21 0.2515625 0.3736111111111111 0.078125 0.1212962962962963
21 0.3880208333333333 0.33564814814814814 0.07708333333333334 0.11388888888888889
21 0.6588541666666666 0.2726851851851852 0.07708333333333334 0.11388888888888889
21 0.5223958333333333 0.3041666666666667 0.07708333333333334 0.11944444444444445
21 0.7916666666666666 0.23935185185185187 0.08229166666666667 0.125
21 0.0125 0.4342592592592593 0.020833333333333332 0.13518518518518519
21 0.77578125 0.9597222222222223 0.06927083333333334 0.0787037037037037
22 0.11510416666666666 0.40601851851851856 0.07604166666666666 0.14166666666666666
23 0.6692708333333334 0.6481481481481481 0.06666666666666667 0.12962962962962962
23 0.2752604166666667 0.7560185185185185 0.06822916666666666 0.125
23 0.4075520833333333 0.7185185185185186 0.0671875 0.12222222222222223
23 0.5393229166666667 0.6865740740740741 0.06614583333333333 0.12314814814814816
23 0.020572916666666666 0.8300925925925926 0.04739583333333333 0.13425925925925927
23 0.7932291666666667 0.6134259259259259 0.06041666666666667 0.1287037037037037
24 0.1421875 0.7944444444444445 0.06458333333333333 0.12037037037037038
