21 0.3875 0.33472222222222225 0.07708333333333334 0.1175925925925926
21 0.2518229166666667 0.37083333333333335 0.07760416666666667 0.1212962962962963
21 0.5265625 0.30092592592592593 0.07916666666666666 0.12037037037037038
21 0.6588541666666666 0.27037037037037037 0.08125 0.10925925925925926
21 0.7911458333333333 0.23194444444444445 0.08541666666666667 0.11574074074074074
21 0.013541666666666667 0.4314814814814815 0.020833333333333332 0.13518518518518519
21 0.77734375 0.9583333333333334 0.0734375 0.08148148148148149
22 0.1140625 0.40324074074074073 0.07916666666666666 0.13611111111111113
23 0.2760416666666667 0.7527777777777778 0.06875 0.12592592592592594
23 0.6692708333333334 0.6449074074074075 0.06770833333333333 0.1287037037037037
23 0.4083333333333333 0.7152777777777778 0.06666666666666667 0.12314814814814816
23 0.5393229166666667 0.6847222222222222 0.06510416666666667 0.1212962962962963
23 0.019791666666666666 0.826388888888889 0.04791666666666666 0.13796296296296298
23 0.7927083333333333 0.611574074074074 0.06145833333333333 0.1287037037037037
24 0.1421875 0.7916666666666667 0.065625 0.12407407407407407
