21 0.2518229166666667 0.3740740740740741 0.07864583333333333 0.12037037037037038
21 0.65859375 0.27175925925925926 0.0765625 0.11574074074074074
21 0.5216145833333333 0.30462962962962964 0.07552083333333333 0.12037037037037038
21 0.3885416666666667 0.3365740740740741 0.07708333333333334 0.11388888888888889
21 0.79140625 0.23935185185185187 0.07864583333333333 0.12685185185185185
21 0.011979166666666666 0.43194444444444446 0.020833333333333332 0.13796296296296298
21 0.7765625 0.9583333333333334 0.06875 0.08148148148148149
22 0.11484375 0.40740740740740744 0.0765625 0.13518518518518519
23 0.2755208333333333 0.7564814814814815 0.06875 0.12407407407407407
23 0.66875 0.6481481481481481 0.06666666666666667 0.12962962962962962
23 0.5401041666666666 0.6865740740740741 0.065625 0.12314814814814816
23 0.40781249999999997 0.7185185185185186 0.06770833333333333 0.12037037037037038
23 0.02109375 0.8305555555555556 0.04739583333333333 0.13333333333333333
23 0.7932291666666667 0.6129629629629629 0.06145833333333333 0.1277777777777778
24 0.14270833333333333 0.7939814814814815 0.06458333333333333 0.1212962962962963
