21 0.38776041666666666 0.33472222222222225 0.07552083333333333 0.11203703703703705
21 0.25286458333333334 0.37083333333333335 0.07760416666666667 0.12314814814814816
21 0.5263020833333333 0.3 0.07760416666666667 0.12037037037037038
21 0.6588541666666666 0.26944444444444443 0.08020833333333333 0.11111111111111112
21 0.7908854166666667 0.23240740740740742 0.0859375 0.11481481481481481
21 0.7776041666666667 0.9578703703703704 0.07395833333333333 0.08240740740740742
21 0.013541666666666667 0.4314814814814815 0.020833333333333332 0.1388888888888889
22 0.11510416666666666 0.40370370370370373 0.07916666666666666 0.13703703703703704
23 0.2760416666666667 0.7527777777777778 0.06875 0.12592592592592594
23 0.6692708333333334 0.6444444444444445 0.06770833333333333 0.1277777777777778
23 0.4080729166666667 0.7157407407407408 0.0671875 0.12222222222222223
23 0.5401041666666666 0.6800925925925926 0.065625 0.1212962962962963
23 0.020572916666666666 0.826388888888889 0.0484375 0.13611111111111113
23 0.7927083333333333 0.612037037037037 0.06041666666666667 0.12592592592592594
24 0.14244791666666667 0.7912037037037037 0.06614583333333333 0.125
