21 0.2515625 0.3736111111111111 0.078125 0.12314814814814816
21 0.5223958333333333 0.3041666666666667 0.078125 0.11944444444444445
21 0.6588541666666666 0.27314814814814814 0.07708333333333334 0.11296296296296297
21 0.3890625 0.33611111111111114 0.078125 0.11481481481481481
21 0.7908854166666667 0.23981481481481481 0.08177083333333333 0.12407407407407407
21 0.013020833333333334 0.4342592592592593 0.020833333333333332 0.13703703703703704
21 0.7760416666666666 0.9587962962962964 0.06875 0.08055555555555556
22 0.11536458333333333 0.40740740740740744 0.07552083333333333 0.1388888888888889
23 0.66875 0.6486111111111111 0.06666666666666667 0.13055555555555556
23 0.2755208333333333 0.7560185185185185 0.06770833333333333 0.125
23 0.40781249999999997 0.7180555555555556 0.06770833333333333 0.1212962962962963
23 0.5393229166666667 0.6870370370370371 0.06614583333333333 0.12222222222222223
23 0.0203125 0.8300925925925926 0.046875 0.13240740740740742
23 0.7932291666666667 0.6143518518518519 0.06145833333333333 0.13055555555555556
24 0.14270833333333333 0.7953703703703704 0.06458333333333333 0.12037037037037038
