21 0.2513020833333333 0.3736111111111111 0.07760416666666667 0.12314814814814816
21 0.6591145833333333 0.2712962962962963 0.07864583333333333 0.11851851851851852
21 0.52109375 0.3041666666666667 0.07447916666666667 0.1212962962962963
21 0.38697916666666665 0.33564814814814814 0.07604166666666666 0.11203703703703705
21 0.7916666666666666 0.24074074074074076 0.08229166666666667 0.12592592592592594
21 0.013020833333333334 0.43333333333333335 0.020833333333333332 0.13148148148148148
21 0.77578125 0.9592592592592593 0.0703125 0.07962962962962963
22 0.11562499999999999 0.40694444444444444 0.07708333333333334 0.13796296296296298
23 0.2755208333333333 0.7555555555555555 0.06770833333333333 0.12407407407407407
23 0.6684895833333333 0.6476851851851853 0.0671875 0.12685185185185185
23 0.4075520833333333 0.7171296296296297 0.0671875 0.12314814814814816
23 0.5393229166666667 0.6861111111111111 0.06614583333333333 0.12222222222222223
23 0.020572916666666666 0.8296296296296297 0.04739583333333333 0.13703703703703704
23 0.7924479166666667 0.6129629629629629 0.0609375 0.12962962962962962
24 0.14192708333333334 0.7944444444444445 0.06510416666666667 0.12037037037037038
