21 0.38671875 0.33564814814814814 0.0765625 0.11388888888888889
21 0.2518229166666667 0.3717592592592593 0.07760416666666667 0.125
21 0.521875 0.3027777777777778 0.07604166666666666 0.12222222222222223
21 0.65390625 0.2712962962962963 0.07135416666666666 0.11481481481481481
21 0.7908854166666667 0.23842592592592593 0.08385416666666666 0.1212962962962963
21 0.012760416666666666 0.43333333333333335 0.0203125 0.13518518518518519
21 0.7763020833333333 0.9587962962962964 0.06927083333333334 0.08055555555555556
22 0.11380208333333333 0.4041666666666667 0.07552083333333333 0.14351851851851852
23 0.2755208333333333 0.7546296296296297 0.06875 0.1277777777777778
23 0.6690104166666666 0.6458333333333334 0.06822916666666666 0.1287037037037037
23 0.40781249999999997 0.7152777777777778 0.06770833333333333 0.12314814814814816
23 0.5393229166666667 0.6861111111111111 0.06510416666666667 0.12037037037037038
23 0.0203125 0.8282407407407407 0.04791666666666666 0.13425925925925927
23 0.79296875 0.612037037037037 0.06197916666666667 0.1277777777777778
24 0.1421875 0.7930555555555556 0.065625 0.1212962962962963
