21 0.2520833333333333 0.37453703703703706 0.078125 0.12314814814814816
21 0.65859375 0.27361111111111114 0.07760416666666667 0.11203703703703705
21 0.5221354166666666 0.3055555555555556 0.07864583333333333 0.12037037037037038
21 0.3888020833333333 0.3365740740740741 0.0765625 0.1175925925925926
21 0.7903645833333334 0.23981481481481481 0.07864583333333333 0.12222222222222223
21 0.0125 0.4337962962962963 0.020833333333333332 0.13611111111111113
22 0.11562499999999999 0.40740740740740744 0.07604166666666666 0.14074074074074075
23 0.2752604166666667 0.7569444444444444 0.06822916666666666 0.12685185185185185
23 0.6690104166666666 0.65 0.06614583333333333 0.13148148148148148
23 0.4080729166666667 0.7180555555555556 0.0671875 0.1212962962962963
23 0.5401041666666666 0.6865740740740741 0.065625 0.12314814814814816
23 0.02109375 0.8310185185185186 0.04635416666666667 0.13240740740740742
23 0.7927083333333333 0.6148148148148148 0.06041666666666667 0.12962962962962962
24 0.1421875 0.7953703703703704 0.06458333333333333 0.12037037037037038
