21 0.24661458333333333 0.375 0.0765625 0.12592592592592594
21 0.5208333333333334 0.30648148148148147 0.07604166666666666 0.12222222222222223
21 0.653125 0.2740740740740741 0.075 0.11481481481481481
21 0.7856770833333333 0.24120370370370373 0.0734375 0.1212962962962963
21 0.38645833333333335 0.3439814814814815 0.07395833333333333 0.12314814814814816
21 0.0140625 0.4324074074074074 0.020833333333333332 0.12592592592592594
22 0.11380208333333333 0.40694444444444444 0.07760416666666667 0.14907407407407408
23 0.2734375 0.7578703703703704 0.06875 0.12685185185185185
23 0.6661458333333333 0.6509259259259259 0.06666666666666667 0.12962962962962962
23 0.40572916666666664 0.7189814814814816 0.065625 0.12314814814814816
23 0.5369791666666667 0.687962962962963 0.06458333333333333 0.12592592592592594
23 0.01953125 0.8333333333333334 0.044270833333333336 0.13148148148148148
24 0.13958333333333334 0.7962962962962963 0.065625 0.11851851851851852
