21 0.3875 0.33472222222222225 0.07604166666666666 0.1175925925925926
21 0.25234375 0.37222222222222223 0.07760416666666667 0.12407407407407407
21 0.5221354166666666 0.30092592592592593 0.0765625 0.11851851851851852
21 0.65390625 0.26944444444444443 0.0734375 0.11296296296296297
21 0.7916666666666666 0.23240740740740742 0.08333333333333333 0.12037037037037038
21 0.01171875 0.4310185185185185 0.0203125 0.13425925925925927
21 0.7768229166666667 0.9583333333333334 0.07239583333333333 0.08148148148148149
22 0.11380208333333333 0.4046296296296297 0.0765625 0.13518518518518519
23 0.2760416666666667 0.7532407407407408 0.06875 0.12685185185185185
23 0.4083333333333333 0.7157407407407408 0.06770833333333333 0.12222222222222223
23 0.66875 0.6449074074074075 0.06770833333333333 0.1287037037037037
23 0.5395833333333333 0.6851851851851852 0.06458333333333333 0.12037037037037038
23 0.020572916666666666 0.8277777777777778 0.0484375 0.13518518518518519
23 0.7924479166666667 0.6106481481481482 0.06197916666666667 0.1287037037037037
24 0.14244791666666667 0.7921296296296296 0.06510416666666667 0.12314814814814816
