23 0.55703125 0.6712962962962963 0.06302083333333333 0.11481481481481481
23 0.9447916666666667 0.6212962962962963 0.06145833333333333 0.11296296296296297
23 0.5611979166666666 0.011111111111111112 0.07447916666666667 0.02962962962962963
22 0.67578125 0.30092592592592593 0.07552083333333333 0.1277777777777778
22 0.80859375 0.2828703703703704 0.08072916666666667 0.12685185185185185
21 0.7958333333333333 0.9564814814814815 0.07291666666666667 0.08518518518518518
21 0.5401041666666666 0.3189814814814815 0.07604166666666666 0.11388888888888889
21 0.9408854166666667 0.27175925925925926 0.08072916666666667 0.11388888888888889
21 0.9171874999999999 0.950462962962963 0.06979166666666667 0.09351851851851853
21 0.6729166666666666 0.9611111111111111 0.06875 0.07592592592592592
24 0.8190104166666666 0.6416666666666667 0.06302083333333333 0.10370370370370371
24 0.6877604166666667 0.6583333333333333 0.06302083333333333 0.10740740740740741
