23 0.5580729166666667 0.6722222222222223 0.06302083333333333 0.11296296296296297
23 0.9450520833333333 0.6222222222222222 0.06197916666666667 0.11481481481481481
23 0.56171875 0.0125 0.07447916666666667 0.030555555555555558
22 0.6768229166666666 0.3013888888888889 0.07447916666666667 0.13240740740740742
22 0.8088541666666667 0.2833333333333333 0.07708333333333334 0.12962962962962962
21 0.5380208333333333 0.32037037037037036 0.07604166666666666 0.10740740740740741
21 0.9403645833333333 0.27361111111111114 0.07552083333333333 0.10648148148148148
21 0.79609375 0.9560185185185186 0.07239583333333333 0.08611111111111111
21 0.9223958333333333 0.9523148148148148 0.08541666666666667 0.08425925925925926
21 0.67265625 0.9615740740740741 0.06822916666666666 0.075
24 0.8197916666666667 0.6421296296296296 0.06354166666666666 0.10277777777777779
24 0.6877604166666667 0.6578703703703704 0.06302083333333333 0.10833333333333334
