23 0.55703125 0.6731481481481482 0.06302083333333333 0.11481481481481481
23 0.9453125 0.6226851851851852 0.0625 0.11388888888888889
23 0.5622395833333333 0.012037037037037037 0.07552083333333333 0.02962962962962963
22 0.67578125 0.3013888888888889 0.07552083333333333 0.1287037037037037
22 0.8080729166666667 0.2833333333333333 0.07760416666666667 0.12407407407407407
21 0.5401041666666666 0.3199074074074074 0.07708333333333334 0.11203703703703705
21 0.7958333333333333 0.9569444444444445 0.07291666666666667 0.08425925925925926
21 0.9408854166666667 0.27314814814814814 0.07864583333333333 0.11111111111111112
21 0.9223958333333333 0.9532407407407407 0.084375 0.08425925925925926
21 0.6721354166666667 0.9615740740740741 0.06822916666666666 0.075
24 0.8192708333333333 0.6430555555555556 0.06354166666666666 0.10462962962962963
24 0.6877604166666667 0.6592592592592593 0.06302083333333333 0.10740740740740741
