23 0.5572916666666666 0.6763888888888889 0.06354166666666666 0.11574074074074074
23 0.9450520833333333 0.6245370370370371 0.06302083333333333 0.11574074074074074
23 0.5622395833333333 0.013425925925925926 0.07135416666666666 0.030555555555555558
22 0.6765625 0.3013888888888889 0.07291666666666667 0.125
22 0.8057291666666666 0.2925925925925926 0.071875 0.1277777777777778
21 0.5380208333333333 0.3226851851851852 0.07708333333333334 0.10833333333333334
21 0.9408854166666667 0.27592592592592596 0.07864583333333333 0.10740740740740741
21 0.7966145833333333 0.9592592592592593 0.07447916666666667 0.07962962962962963
21 0.9229166666666666 0.9550925925925926 0.084375 0.08796296296296297
24 0.68828125 0.6611111111111111 0.06302083333333333 0.10555555555555556
24 0.8192708333333333 0.6462962962962964 0.06354166666666666 0.10370370370370371
