23 0.5572916666666666 0.6699074074074074 0.06354166666666666 0.11574074074074074
23 0.9445312499999999 0.6199074074074075 0.0609375 0.11388888888888889
23 0.5625 0.010648148148148148 0.07395833333333333 0.028703703703703703
22 0.6763020833333333 0.3 0.0765625 0.1277777777777778
22 0.8088541666666667 0.2833333333333333 0.07916666666666666 0.12407407407407407
21 0.7950520833333333 0.9560185185185186 0.07135416666666666 0.08611111111111111
21 0.9416666666666667 0.27175925925925926 0.08020833333333333 0.11388888888888889
21 0.5401041666666666 0.3180555555555556 0.07604166666666666 0.11388888888888889
21 0.9169270833333333 0.950925925925926 0.0703125 0.0962962962962963
21 0.671875 0.9606481481481481 0.06770833333333333 0.07685185185185185
24 0.8190104166666666 0.6412037037037037 0.06302083333333333 0.10277777777777779
24 0.6877604166666667 0.6583333333333333 0.06302083333333333 0.10740740740740741
