23 0.5583333333333333 0.6708333333333334 0.06354166666666666 0.11388888888888889
23 0.9453125 0.6208333333333333 0.06145833333333333 0.11574074074074074
23 0.5627604166666667 0.012037037037037037 0.07447916666666667 0.02962962962962963
22 0.6763020833333333 0.3013888888888889 0.07552083333333333 0.13425925925925927
22 0.80859375 0.2833333333333333 0.07760416666666667 0.12962962962962962
21 0.9406249999999999 0.274537037037037 0.07604166666666666 0.10648148148148148
21 0.5375 0.32037037037037036 0.075 0.11111111111111112
21 0.7955729166666666 0.9560185185185186 0.07239583333333333 0.08611111111111111
21 0.9221354166666667 0.9523148148148148 0.08385416666666666 0.08611111111111111
21 0.6729166666666666 0.962037037037037 0.06979166666666667 0.07407407407407407
24 0.8197916666666667 0.6416666666666667 0.06354166666666666 0.10370370370370371
24 0.68828125 0.6583333333333333 0.06302083333333333 0.10925925925925926
