24 0.7828125 0.611574074074074 0.06458333333333333 0.11203703703703705
24 0.27265625 0.736574074074074 0.059895833333333336 0.10833333333333334
24 0.403125 0.7041666666666667 0.0625 0.11018518518518519
24 0.3950520833333333 0.02175925925925926 0.07239583333333333 0.04537037037037037
23 0.5296875 0.6708333333333334 0.06458333333333333 0.11203703703703705
23 0.6559895833333333 0.638888888888889 0.0640625 0.11296296296296297
23 0.9046875 0.5796296296296296 0.06041666666666667 0.11111111111111112
23 0.14401041666666667 0.763425925925926 0.0609375 0.11203703703703705
23 0.12057291666666667 0.05555555555555556 0.06927083333333334 0.11666666666666667
23 0.25729166666666664 0.04120370370370371 0.06770833333333333 0.08240740740740742
23 0.53203125 0.01388888888888889 0.07447916666666667 0.02962962962962963
21 0.6408854166666667 0.2962962962962963 0.07552083333333333 0.10740740740740741
21 0.1140625 0.41250000000000003 0.07604166666666666 0.1175925925925926
21 0.5119791666666667 0.3231481481481482 0.075 0.11481481481481481
21 0.8973958333333333 0.23842592592592593 0.07395833333333333 0.10092592592592593
21 0.8809895833333333 0.9037037037037038 0.0671875 0.10555555555555556
21 0.7559895833333333 0.9375 0.0671875 0.09907407407407408
21 0.63828125 0.9597222222222223 0.0703125 0.0787037037037037
21 0.99375 0.21574074074074076 0.011458333333333333 0.10185185185185186
22 0.37864583333333335 0.3490740740740741 0.07916666666666666 0.13703703703703704
22 0.24739583333333334 0.3773148148148148 0.07395833333333333 0.1175925925925926
22 0.7723958333333333 0.2574074074074074 0.07291666666666667 0.12222222222222223
22 0.9825520833333333 0.8763888888888889 0.030729166666666665 0.10277777777777779
