24 0.7859375 0.6125 0.06354166666666666 0.11018518518518519
24 0.27578125 0.737037037037037 0.0609375 0.11111111111111112
24 0.40546875 0.7050925925925926 0.06197916666666667 0.11203703703703705
24 0.3966145833333333 0.022222222222222223 0.0703125 0.044444444444444446
23 0.659375 0.6407407407407407 0.06458333333333333 0.11481481481481481
23 0.5322916666666666 0.6722222222222223 0.06458333333333333 0.11111111111111112
23 0.1484375 0.7648148148148148 0.06354166666666666 0.11111111111111112
23 0.90703125 0.5805555555555556 0.0609375 0.11296296296296297
23 0.12369791666666667 0.05601851851851852 0.06927083333333334 0.1175925925925926
23 0.259375 0.04166666666666667 0.06458333333333333 0.08333333333333334
23 0.5359375 0.01388888888888889 0.07291666666666667 0.02962962962962963
21 0.8986979166666667 0.23935185185185187 0.0734375 0.10277777777777779
21 0.11901041666666666 0.4138888888888889 0.07864583333333333 0.11666666666666667
21 0.6447916666666667 0.2953703703703704 0.075 0.11851851851851852
21 0.5151041666666667 0.3231481481481482 0.075 0.11666666666666667
21 0.8833333333333333 0.9064814814814816 0.06770833333333333 0.10370370370370371
21 0.6390625 0.9606481481481481 0.06875 0.07685185185185185
21 0.7583333333333333 0.937962962962963 0.06666666666666667 0.10555555555555556
21 0.9934895833333334 0.22870370370370371 0.011979166666666666 0.09814814814814815
22 0.2515625 0.37824074074074077 0.07395833333333333 0.12685185185185185
22 0.3833333333333333 0.3476851851851852 0.07708333333333334 0.1398148148148148
22 0.7752604166666667 0.2569444444444445 0.0765625 0.1212962962962963
22 0.984375 0.8777777777777778 0.030208333333333334 0.10185185185185186
