24 0.78203125 0.6106481481481482 0.0640625 0.11388888888888889
24 0.2721354166666667 0.7333333333333334 0.059895833333333336 0.11111111111111112
24 0.40260416666666665 0.7046296296296296 0.0625 0.10925925925925926
24 0.3953125 0.022222222222222223 0.07291666666666667 0.044444444444444446
23 0.52890625 0.6699074074074074 0.06510416666666667 0.11018518518518519
23 0.6557291666666667 0.6375000000000001 0.06354166666666666 0.11388888888888889
23 0.14427083333333332 0.763425925925926 0.06041666666666667 0.11203703703703705
23 0.90390625 0.5791666666666667 0.059895833333333336 0.11203703703703705
23 0.12083333333333333 0.05462962962962963 0.06875 0.11481481481481481
23 0.2559895833333333 0.04259259259259259 0.0671875 0.08148148148148149
23 0.5328125 0.012962962962962964 0.078125 0.02777777777777778
23 0.9950520833333333 0.5439814814814815 0.0078125 0.125
21 0.63984375 0.2935185185185185 0.0734375 0.11111111111111112
21 0.8778645833333333 0.9064814814814816 0.06927083333333334 0.10370370370370371
21 0.51015625 0.32407407407407407 0.07552083333333333 0.11111111111111112
21 0.11354166666666667 0.412962962962963 0.07708333333333334 0.11851851851851852
21 0.8971354166666666 0.23796296296296296 0.07552083333333333 0.1
21 0.63671875 0.9592592592592593 0.06822916666666666 0.07962962962962963
21 0.7557291666666667 0.937962962962963 0.06770833333333333 0.10185185185185186
21 0.9895833333333334 0.20324074074074075 0.019791666666666666 0.13611111111111113
22 0.37838541666666664 0.34953703703703703 0.07552083333333333 0.13055555555555556
22 0.24895833333333334 0.3768518518518519 0.071875 0.12037037037037038
22 0.7713541666666667 0.2574074074074074 0.07395833333333333 0.12407407407407407
22 0.98203125 0.8768518518518519 0.03177083333333333 0.09814814814814815
