24 0.275 0.7180555555555556 0.06145833333333333 0.11388888888888889
24 0.7838541666666666 0.5962962962962963 0.06041666666666667 0.11296296296296297
24 0.40520833333333334 0.6888888888888889 0.06145833333333333 0.11111111111111112
24 0.396875 0.014814814814814815 0.078125 0.03518518518518519
23 0.9072916666666666 0.5638888888888889 0.0625 0.11296296296296297
23 0.14713541666666666 0.7458333333333333 0.06510416666666667 0.1175925925925926
23 0.6583333333333333 0.6240740740740741 0.06458333333333333 0.11481481481481481
23 0.53125 0.6546296296296297 0.06875 0.11666666666666667
23 0.12291666666666666 0.04722222222222222 0.06770833333333333 0.0962962962962963
23 0.259375 0.03333333333333333 0.07395833333333333 0.06666666666666667
22 0.7729166666666667 0.24583333333333335 0.075 0.11944444444444445
22 0.24921875 0.35879629629629634 0.0765625 0.12685185185185185
22 0.38307291666666665 0.33333333333333337 0.08177083333333333 0.13518518518518519
22 0.984375 0.8555555555555556 0.030208333333333334 0.10370370370370371
21 0.9 0.22222222222222224 0.06979166666666667 0.10555555555555556
21 0.6447916666666667 0.2777777777777778 0.07604166666666666 0.10555555555555556
21 0.6377604166666666 0.9541666666666667 0.07552083333333333 0.08981481481481482
21 0.11588541666666667 0.40092592592592596 0.07552083333333333 0.10925925925925926
21 0.5135416666666667 0.30833333333333335 0.07291666666666667 0.11666666666666667
21 0.8856770833333333 0.888888888888889 0.07135416666666666 0.10370370370370371
21 0.7580729166666667 0.925462962962963 0.0671875 0.10462962962962963
21 0.9940104166666667 0.20231481481481484 0.0109375 0.09722222222222222
21 0.5190104166666667 0.9615740740740741 0.0765625 0.075
