24 0.27421875 0.7194444444444444 0.06197916666666667 0.11481481481481481
24 0.7828125 0.5967592592592593 0.06041666666666667 0.11388888888888889
24 0.4046875 0.6907407407407408 0.06145833333333333 0.11111111111111112
24 0.396875 0.014814814814814815 0.07708333333333334 0.03518518518518519
23 0.90703125 0.5643518518518519 0.06302083333333333 0.11388888888888889
23 0.146875 0.7476851851851852 0.06458333333333333 0.11944444444444445
23 0.5309895833333333 0.6583333333333333 0.0640625 0.11111111111111112
23 0.6583333333333333 0.625 0.06458333333333333 0.11851851851851852
23 0.12213541666666666 0.04814814814814815 0.0671875 0.0962962962962963
23 0.25859375 0.03425925925925926 0.07239583333333333 0.06851851851851852
21 0.8984375 0.22268518518518518 0.07083333333333333 0.10833333333333334
21 0.64453125 0.2796296296296296 0.07552083333333333 0.10370370370370371
21 0.5143229166666666 0.3078703703703704 0.07552083333333333 0.11574074074074074
21 0.63671875 0.9550925925925926 0.07447916666666667 0.08796296296296297
21 0.11562499999999999 0.40046296296296297 0.07395833333333333 0.11018518518518519
21 0.88125 0.8958333333333334 0.07083333333333333 0.10648148148148148
21 0.7575520833333333 0.925462962962963 0.06614583333333333 0.10277777777777779
21 0.99375 0.20231481481481484 0.011458333333333333 0.10462962962962963
22 0.7731770833333333 0.24629629629629632 0.0734375 0.12037037037037038
22 0.38229166666666664 0.33287037037037037 0.08333333333333333 0.13240740740740742
22 0.24947916666666667 0.3592592592592593 0.07604166666666666 0.12592592592592594
22 0.984375 0.8555555555555556 0.030208333333333334 0.10185185185185186
