24 0.7830729166666667 0.612037037037037 0.0640625 0.11296296296296297
24 0.27369791666666665 0.7333333333333334 0.059895833333333336 0.11111111111111112
24 0.40338541666666666 0.7037037037037037 0.06302083333333333 0.10925925925925926
24 0.3958333333333333 0.020833333333333336 0.071875 0.04351851851851852
23 0.53046875 0.6699074074074074 0.0640625 0.11203703703703705
23 0.6580729166666667 0.6393518518518518 0.06510416666666667 0.1175925925925926
23 0.14557291666666666 0.763888888888889 0.06197916666666667 0.10925925925925926
23 0.9054687499999999 0.5796296296296296 0.059895833333333336 0.11111111111111112
23 0.121875 0.05555555555555556 0.06979166666666667 0.11481481481481481
23 0.2578125 0.04120370370370371 0.06770833333333333 0.08055555555555556
23 0.5328125 0.013425925925925926 0.07604166666666666 0.028703703703703703
21 0.64140625 0.2939814814814815 0.0765625 0.11018518518518519
21 0.8976562499999999 0.23796296296296296 0.07447916666666667 0.10555555555555556
21 0.11458333333333333 0.41250000000000003 0.07604166666666666 0.11574074074074074
21 0.5122395833333333 0.3231481481481482 0.07552083333333333 0.11111111111111112
21 0.88046875 0.9050925925925927 0.06927083333333334 0.10462962962962963
21 0.6369791666666667 0.9583333333333334 0.06979166666666667 0.08148148148148149
21 0.7567708333333333 0.9370370370370371 0.06875 0.10185185185185186
21 0.99375 0.21574074074074076 0.011458333333333333 0.10740740740740741
22 0.24713541666666666 0.3768518518518519 0.0734375 0.12407407407407407
22 0.7731770833333333 0.25601851851851853 0.0734375 0.12314814814814816
22 0.38046875 0.34814814814814815 0.07552083333333333 0.1388888888888889
22 0.9825520833333333 0.8768518518518519 0.030729166666666665 0.1
