21 0.68671875 0.27731481481481485 0.08489583333333334 0.10833333333333334
21 0.3755208333333333 0.32916666666666666 0.08541666666666667 0.11388888888888889
21 0.53046875 0.30462962962962964 0.08072916666666667 0.11851851851851852
21 0.84375 0.2518518518518519 0.08125 0.11851851851851852
21 0.9760416666666667 0.22268518518518518 0.046875 0.125
23 0.5536458333333333 0.6888888888888889 0.08020833333333333 0.13518518518518519
23 0.7059895833333333 0.6615740740740741 0.0796875 0.13425925925925927
23 0.8559895833333333 0.6347222222222223 0.0765625 0.13055555555555556
23 0.403125 0.7157407407407408 0.07708333333333334 0.12222222222222223
23 0.9794270833333333 0.6078703703703704 0.03697916666666667 0.14537037037037037
