21 0.6875 0.27731481481481485 0.084375 0.11203703703703705
21 0.37526041666666665 0.3287037037037037 0.08489583333333334 0.11296296296296297
21 0.53046875 0.30324074074074076 0.08072916666666667 0.11574074074074074
21 0.8432291666666667 0.2523148148148148 0.08020833333333333 0.1175925925925926
21 0.9760416666666667 0.22361111111111112 0.046875 0.125
23 0.5536458333333333 0.6888888888888889 0.08020833333333333 0.13518518518518519
23 0.7059895833333333 0.6620370370370371 0.0796875 0.13333333333333333
23 0.85625 0.6347222222222223 0.07708333333333334 0.1287037037037037
23 0.403125 0.7157407407407408 0.07708333333333334 0.12222222222222223
23 0.9796874999999999 0.6083333333333334 0.036458333333333336 0.1425925925925926
