21 0.68828125 0.27870370370370373 0.08385416666666666 0.10925925925925926
21 0.37473958333333335 0.33055555555555555 0.0890625 0.11111111111111112
21 0.84375 0.2537037037037037 0.084375 0.11666666666666667
21 0.5333333333333333 0.3037037037037037 0.08229166666666667 0.12407407407407407
21 0.9770833333333333 0.22314814814814815 0.04479166666666667 0.12592592592592594
23 0.5546875 0.6893518518518519 0.08125 0.13611111111111113
23 0.7072916666666667 0.662962962962963 0.08020833333333333 0.13333333333333333
23 0.8578125 0.6351851851851852 0.07708333333333334 0.12962962962962962
23 0.4044270833333333 0.7166666666666667 0.07760416666666667 0.12222222222222223
23 0.9799479166666667 0.6087962962962963 0.03697916666666667 0.14166666666666666
