21 0.3770833333333333 0.32916666666666666 0.0875 0.11018518518518519
21 0.8458333333333333 0.25277777777777777 0.07916666666666666 0.11851851851851852
21 0.6893229166666667 0.2763888888888889 0.08489583333333334 0.11574074074074074
21 0.5341145833333333 0.30324074074074076 0.0828125 0.125
21 0.9770833333333333 0.22361111111111112 0.04375 0.1212962962962963
23 0.5559895833333334 0.6898148148148149 0.0796875 0.13148148148148148
23 0.8588541666666667 0.6351851851851852 0.07708333333333334 0.12962962962962962
23 0.7083333333333334 0.662962962962963 0.08020833333333333 0.13333333333333333
23 0.40572916666666664 0.7166666666666667 0.078125 0.12222222222222223
23 0.98046875 0.6087962962962963 0.034895833333333334 0.14166666666666666
