21 0.6880208333333333 0.27546296296296297 0.084375 0.11018518518518519
21 0.37421875 0.32685185185185184 0.08697916666666666 0.11481481481481481
21 0.5309895833333333 0.30185185185185187 0.08072916666666667 0.11851851851851852
21 0.8429687499999999 0.25092592592592594 0.08177083333333333 0.11481481481481481
21 0.9760416666666667 0.22314814814814815 0.04583333333333333 0.12037037037037038
23 0.55390625 0.6865740740740741 0.0796875 0.13240740740740742
23 0.70625 0.6597222222222222 0.08020833333333333 0.13796296296296298
23 0.403125 0.7148148148148148 0.07708333333333334 0.12037037037037038
23 0.85625 0.6333333333333333 0.07604166666666666 0.12962962962962962
23 0.9791666666666666 0.6 0.040625 0.1388888888888889
