21 0.6872395833333333 0.27546296296296297 0.08489583333333334 0.10833333333333334
21 0.375 0.32731481481481484 0.08541666666666667 0.11574074074074074
21 0.5317708333333333 0.30092592592592593 0.08020833333333333 0.11666666666666667
21 0.8432291666666667 0.25092592592592594 0.08125 0.11666666666666667
21 0.9760416666666667 0.22314814814814815 0.04583333333333333 0.12037037037037038
23 0.5541666666666667 0.6870370370370371 0.07916666666666666 0.13148148148148148
23 0.70625 0.6597222222222222 0.07916666666666666 0.13611111111111113
23 0.403125 0.7148148148148148 0.07708333333333334 0.12037037037037038
23 0.8559895833333333 0.6333333333333333 0.07552083333333333 0.12962962962962962
23 0.9796874999999999 0.6 0.03958333333333333 0.14074074074074075
