21 0.6880208333333333 0.2740740740740741 0.08229166666666667 0.10925925925925926
21 0.37447916666666664 0.32685185185185184 0.08645833333333333 0.11296296296296297
21 0.5317708333333333 0.300462962962963 0.08125 0.1175925925925926
21 0.8429687499999999 0.2490740740740741 0.08385416666666666 0.11296296296296297
21 0.9760416666666667 0.22314814814814815 0.04583333333333333 0.11851851851851852
23 0.70625 0.6597222222222222 0.08020833333333333 0.13611111111111113
23 0.5536458333333333 0.6865740740740741 0.08020833333333333 0.13240740740740742
23 0.40234375 0.7138888888888889 0.07760416666666667 0.12222222222222223
23 0.85546875 0.6333333333333333 0.07552083333333333 0.12962962962962962
23 0.9794270833333333 0.5995370370370371 0.04010416666666666 0.13796296296296298
