21 0.6872395833333333 0.27361111111111114 0.08385416666666666 0.10833333333333334
21 0.375 0.3263888888888889 0.08645833333333333 0.11388888888888889
21 0.53203125 0.3013888888888889 0.08072916666666667 0.11944444444444445
21 0.8432291666666667 0.2490740740740741 0.08333333333333333 0.11111111111111112
21 0.9757812499999999 0.22222222222222224 0.04635416666666667 0.11851851851851852
23 0.7059895833333333 0.6601851851851852 0.0796875 0.13703703703703704
23 0.5541666666666667 0.6865740740740741 0.08020833333333333 0.13055555555555556
23 0.40234375 0.7134259259259259 0.07760416666666667 0.11944444444444445
23 0.8557291666666667 0.6333333333333333 0.075 0.12962962962962962
23 0.9794270833333333 0.6 0.04010416666666666 0.14074074074074075
