24 0.10026041666666667 0.10694444444444445 0.0796875 0.1527777777777778
24 0.56953125 0.015740740740740743 0.08072916666666667 0.03333333333333333
23 0.7049479166666667 0.6921296296296297 0.0765625 0.13611111111111113
23 0.5619791666666667 0.7402777777777778 0.07604166666666666 0.13425925925925927
23 0.41822916666666665 0.7921296296296296 0.07916666666666666 0.13796296296296298
23 0.2557291666666667 0.06342592592592593 0.08229166666666667 0.13796296296296298
23 0.27109375 0.8375 0.07552083333333333 0.13796296296296298
23 0.12526041666666665 0.8833333333333334 0.07864583333333333 0.11481481481481481
23 0.409375 0.04166666666666667 0.07708333333333334 0.07592592592592592
22 0.8375 0.26712962962962966 0.07604166666666666 0.1287037037037037
21 0.24296874999999998 0.4601851851851852 0.08177083333333333 0.12037037037037038
21 0.0921875 0.5083333333333333 0.08125 0.12592592592592594
21 0.68984375 0.3194444444444445 0.08385416666666666 0.11481481481481481
21 0.5419270833333333 0.3625 0.08385416666666666 0.1287037037037037
21 0.38984375 0.41203703703703703 0.0828125 0.12407407407407407
