24 0.1 0.12453703703703704 0.08125 0.13796296296296298
24 0.5666666666666667 0.028240740740740743 0.08541666666666667 0.058333333333333334
24 0.8455729166666667 0.6726851851851852 0.06927083333333334 0.13425925925925927
23 0.70546875 0.7148148148148148 0.0765625 0.13148148148148148
23 0.27239583333333334 0.8611111111111112 0.07916666666666666 0.1388888888888889
23 0.41770833333333335 0.8106481481481482 0.08020833333333333 0.13611111111111113
23 0.5619791666666667 0.763888888888889 0.07395833333333333 0.13333333333333333
23 0.2565104166666667 0.07453703703703704 0.08385416666666666 0.14351851851851852
23 0.4106770833333333 0.04722222222222222 0.0765625 0.10185185185185186
22 0.8369791666666666 0.2916666666666667 0.07708333333333334 0.12592592592592594
21 0.24296874999999998 0.48240740740740745 0.0859375 0.11481481481481481
21 0.38776041666666666 0.4342592592592593 0.0796875 0.11666666666666667
21 0.5372395833333333 0.38472222222222224 0.0828125 0.11944444444444445
21 0.09166666666666666 0.5314814814814816 0.08541666666666667 0.11851851851851852
21 0.6908854166666667 0.33472222222222225 0.07239583333333333 0.12314814814814816
