24 0.09791666666666667 0.12453703703703704 0.08125 0.14166666666666666
24 0.5645833333333333 0.028240740740740743 0.08541666666666667 0.058333333333333334
23 0.7041666666666666 0.7138888888888889 0.07708333333333334 0.12962962962962962
23 0.4166666666666667 0.8101851851851852 0.07916666666666666 0.1388888888888889
23 0.2708333333333333 0.8601851851851852 0.07916666666666666 0.14074074074074075
23 0.2544270833333333 0.075 0.08385416666666666 0.1425925925925926
23 0.5609375 0.7587962962962963 0.07604166666666666 0.14351851851851852
23 0.4088541666666667 0.04722222222222222 0.07604166666666666 0.1
22 0.8351562499999999 0.2828703703703704 0.08177083333333333 0.125
21 0.23984375 0.48333333333333334 0.0859375 0.11851851851851852
21 0.3875 0.4328703703703704 0.08125 0.11388888888888889
21 0.5361979166666666 0.38287037037037036 0.0859375 0.1175925925925926
21 0.09010416666666667 0.5310185185185186 0.084375 0.11388888888888889
21 0.6888020833333334 0.33564814814814814 0.0765625 0.1212962962962963
