24 0.096875 0.125 0.08229166666666667 0.1425925925925926
24 0.56328125 0.02777777777777778 0.08489583333333334 0.05740740740740741
23 0.7015625 0.7148148148148148 0.07708333333333334 0.12962962962962962
23 0.26848958333333334 0.8606481481481482 0.0765625 0.14166666666666666
23 0.41484375 0.8111111111111111 0.07864583333333333 0.13703703703703704
23 0.25338541666666664 0.075 0.0828125 0.14444444444444446
23 0.5583333333333333 0.763888888888889 0.075 0.13333333333333333
23 0.4075520833333333 0.047685185185185185 0.07447916666666667 0.09907407407407408
22 0.8338541666666667 0.29212962962962963 0.07708333333333334 0.1175925925925926
21 0.08723958333333333 0.5314814814814816 0.08385416666666666 0.12037037037037038
21 0.5364583333333334 0.3837962962962963 0.08229166666666667 0.11944444444444445
21 0.38645833333333335 0.4361111111111111 0.084375 0.11481481481481481
21 0.24114583333333334 0.48194444444444445 0.0875 0.11388888888888889
21 0.6885416666666666 0.3351851851851852 0.07604166666666666 0.11666666666666667
