24 0.09739583333333333 0.12453703703703704 0.08229166666666667 0.14166666666666666
24 0.56328125 0.028240740740740743 0.0859375 0.058333333333333334
23 0.70234375 0.7143518518518519 0.07760416666666667 0.1287037037037037
23 0.26927083333333335 0.8615740740740742 0.078125 0.1398148148148148
23 0.4158854166666667 0.8111111111111111 0.07864583333333333 0.13703703703703704
23 0.25416666666666665 0.075 0.08229166666666667 0.14444444444444446
23 0.55859375 0.763888888888889 0.07447916666666667 0.13333333333333333
23 0.4083333333333333 0.04722222222222222 0.075 0.1
22 0.83359375 0.2925925925925926 0.0765625 0.12037037037037038
21 0.08697916666666666 0.5314814814814816 0.08541666666666667 0.11851851851851852
21 0.2421875 0.48194444444444445 0.084375 0.11574074074074074
21 0.5361979166666666 0.38287037037037036 0.08385416666666666 0.1212962962962963
21 0.3875 0.4361111111111111 0.08333333333333333 0.11666666666666667
21 0.6901041666666666 0.33333333333333337 0.071875 0.11481481481481481
