24 0.09973958333333333 0.12407407407407407 0.08072916666666667 0.1425925925925926
24 0.56640625 0.02777777777777778 0.0859375 0.05925925925925926
24 0.8458333333333333 0.6717592592592593 0.06875 0.13240740740740742
23 0.7057291666666666 0.712962962962963 0.075 0.12962962962962962
23 0.27291666666666664 0.8583333333333334 0.08020833333333333 0.1388888888888889
23 0.25677083333333334 0.07361111111111111 0.084375 0.14351851851851852
23 0.41744791666666664 0.8097222222222222 0.0796875 0.13611111111111113
23 0.5622395833333333 0.7587962962962963 0.07552083333333333 0.14166666666666666
23 0.4109375 0.047685185185185185 0.07604166666666666 0.10092592592592593
22 0.83671875 0.2814814814814815 0.0828125 0.12222222222222223
21 0.5377604166666666 0.3837962962962963 0.08489583333333334 0.11574074074074074
21 0.24375 0.4800925925925926 0.08333333333333333 0.11574074074074074
21 0.6911458333333333 0.3337962962962963 0.07604166666666666 0.11388888888888889
21 0.38984375 0.4310185185185185 0.08385416666666666 0.1175925925925926
21 0.0921875 0.5305555555555556 0.08333333333333333 0.11481481481481481
