23 0.7057291666666666 0.7143518518518519 0.07604166666666666 0.1287037037037037
23 0.5625 0.7643518518518518 0.07395833333333333 0.13240740740740742
23 0.27317708333333335 0.8606481481481482 0.07760416666666667 0.14166666666666666
23 0.41822916666666665 0.8115740740740741 0.08020833333333333 0.13611111111111113
23 0.2559895833333333 0.07962962962962963 0.0828125 0.14444444444444446
23 0.4109375 0.04814814814814815 0.07708333333333334 0.10370370370370371
24 0.10052083333333334 0.125 0.08125 0.13703703703703704
24 0.5669270833333333 0.02777777777777778 0.08489583333333334 0.05925925925925926
22 0.8369791666666666 0.29444444444444445 0.07604166666666666 0.12037037037037038
21 0.24505208333333334 0.48194444444444445 0.08385416666666666 0.11574074074074074
21 0.5385416666666667 0.3861111111111111 0.08333333333333333 0.12037037037037038
21 0.3888020833333333 0.4356481481481482 0.08072916666666667 0.11574074074074074
21 0.09270833333333334 0.5314814814814816 0.08645833333333333 0.12222222222222223
21 0.6921875 0.33472222222222225 0.071875 0.11944444444444445
