24 0.10104166666666667 0.10787037037037038 0.07916666666666666 0.15092592592592594
24 0.5700520833333333 0.017592592592592594 0.08072916666666667 0.03333333333333333
23 0.70546875 0.6939814814814815 0.0765625 0.13240740740740742
23 0.5625 0.7435185185185186 0.07708333333333334 0.13518518518518519
23 0.41796875 0.7935185185185185 0.0796875 0.14074074074074075
23 0.25625 0.06481481481481481 0.08229166666666667 0.1388888888888889
23 0.2716145833333333 0.8388888888888889 0.07447916666666667 0.1388888888888889
23 0.1265625 0.8842592592592593 0.07708333333333334 0.11481481481481481
23 0.40989583333333335 0.04212962962962963 0.07604166666666666 0.0787037037037037
22 0.8372395833333334 0.26851851851851855 0.07760416666666667 0.12407407407407407
21 0.2453125 0.4615740740740741 0.07916666666666666 0.1175925925925926
21 0.09166666666666666 0.5101851851851852 0.08333333333333333 0.12962962962962962
21 0.6893229166666667 0.3189814814814815 0.08385416666666666 0.11574074074074074
21 0.5411458333333333 0.37083333333333335 0.08229166666666667 0.1175925925925926
21 0.39036458333333335 0.4138888888888889 0.0828125 0.12037037037037038
