23 0.70546875 0.7180555555555556 0.07760416666666667 0.13055555555555556
23 0.5630208333333333 0.7662037037037037 0.07604166666666666 0.13425925925925927
23 0.2559895833333333 0.08101851851851852 0.08385416666666666 0.14537037037037037
23 0.2716145833333333 0.8638888888888889 0.07864583333333333 0.14074074074074075
23 0.41796875 0.8180555555555555 0.08072916666666667 0.13425925925925927
23 0.4106770833333333 0.05324074074074074 0.07552083333333333 0.11388888888888889
24 0.10026041666666667 0.1328703703703704 0.07864583333333333 0.15092592592592594
24 0.5674479166666666 0.028703703703703703 0.0828125 0.05925925925925926
22 0.8369791666666666 0.2972222222222222 0.07604166666666666 0.12407407407407407
21 0.24166666666666667 0.48703703703703705 0.084375 0.11481481481481481
21 0.09166666666666666 0.5342592592592593 0.084375 0.12222222222222223
21 0.3885416666666667 0.43842592592592594 0.07916666666666666 0.1175925925925926
21 0.53984375 0.38842592592592595 0.0828125 0.11944444444444445
21 0.69296875 0.33611111111111114 0.07135416666666666 0.12037037037037038
