23 0.70546875 0.7185185185185186 0.0765625 0.12962962962962962
23 0.27109375 0.8634259259259259 0.07864583333333333 0.14166666666666666
23 0.5625 0.7657407407407407 0.07604166666666666 0.13333333333333333
23 0.25625 0.08148148148148149 0.084375 0.1462962962962963
23 0.41744791666666664 0.8171296296296297 0.0796875 0.13796296296296298
23 0.41015625 0.04814814814814815 0.0765625 0.10370370370370371
24 0.10026041666666667 0.13333333333333333 0.07864583333333333 0.15185185185185185
24 0.5671875 0.028240740740740743 0.084375 0.058333333333333334
22 0.8369791666666666 0.29444444444444445 0.075 0.12962962962962962
21 0.2421875 0.48564814814814816 0.08645833333333333 0.11388888888888889
21 0.09088541666666666 0.5333333333333333 0.0859375 0.12037037037037038
21 0.3885416666666667 0.43703703703703706 0.08125 0.11851851851851852
21 0.6911458333333333 0.33564814814814814 0.071875 0.12685185185185185
21 0.5395833333333333 0.3875 0.08333333333333333 0.11944444444444445
