23 0.3885416666666667 0.4689814814814815 0.051041666666666666 0.09351851851851853
23 0.7067708333333333 0.44953703703703707 0.05520833333333333 0.09537037037037037
23 0.2817708333333333 0.47685185185185186 0.053125 0.0962962962962963
23 0.8106770833333333 0.3490740740740741 0.04114583333333333 0.08518518518518518
23 0.6 0.3462962962962963 0.03958333333333333 0.07962962962962963
24 0.49453125 0.4625 0.05260416666666667 0.10462962962962963
24 0.5994791666666667 0.4569444444444445 0.052083333333333336 0.10277777777777779
24 0.17473958333333334 0.4814814814814815 0.0546875 0.10925925925925926
24 0.8125 0.4430555555555556 0.04895833333333333 0.10092592592592593
24 0.28125 0.4708333333333333 0.05416666666666667 0.09537037037037037
