23 0.8351562499999999 0.4375 0.05364583333333333 0.09722222222222222
23 0.44453125 0.46620370370370373 0.0515625 0.08981481481481482
23 0.34270833333333334 0.47500000000000003 0.053125 0.09074074074074075
23 0.6380208333333334 0.3574074074074074 0.0375 0.07777777777777778
23 0.73359375 0.35694444444444445 0.03802083333333333 0.07314814814814816
24 0.54453125 0.46111111111111114 0.05260416666666667 0.09444444444444444
24 0.24010416666666667 0.4800925925925926 0.05520833333333333 0.09722222222222222
24 0.6421875 0.45416666666666666 0.05 0.09166666666666667
24 0.7395833333333334 0.4486111111111111 0.05416666666666667 0.09907407407407408
24 0.34088541666666666 0.47453703703703703 0.05572916666666666 0.09722222222222222
